n-lAK9
691547.351 1.69100 54.71 0.012631 1.69401 54.48 0.012738 1.68497 1.68716 1.70051 1.70667 1.71239 0.5447 –0.0071 3 3 52 1.2 4.3 6.3 656 722 3.51 700 3 0 0.980 37/31
n-lAK10
720506.369 1.72003 50.62 0.014224 1.72341 50.39 0.014357 1.71328 1.71572 1.73077 1.73779 1.74438 0.5515 –0.0072 2 2 52.3 1 3 5.7 636 714 3.69 780 2 0 0.959 39/34
n-lAK12
678552.410 1.67790 55.20 0.012281 1.68083 54.92 0.012396 1.67209 1.67419 1.68717 1.69320 1.69882 0.5485 –0.0024 3 1 53.3 3.3 4.3 7.6 614 714 4.10 560 6 1 0.976 37/31
n-lAK14
697554.363 1.69680 55.41 0.012575 1.69980 55.19 0.012679 1.69077 1.69297 1.70626 1.71237 1.71804 0.5427 –0.0079 3 2 52.3 1 3 5.5 661 734 3.63 730 2 0 0.981 37/30
n-lAK21
640601.374 1.64049 60.10 0.010657 1.64304 59.86 0.010743 1.63538 1.63724 1.64850 1.65366 1.65844 0.5411 –0.0017 4 2 53.2 4.3 4.3 6.8 639 716 3.74 600 5 0 0.979 37/31
n-lAK22
651559.377 1.65113 55.89 0.011650 1.65391 55.63 0.011755 1.64560 1.64760 1.65992 1.66562 1.67092 0.5467 –0.0031 2 2 51.2 1 2.3 6.6 689 3.77 600 4 0 0.985 36/30
n-lAK33A
754523.422 1.75393 52.27 0.014424 1.75737 52.04 0.014554 1.74707 1.74956 1.76481 1.77187 1.77845 0.5473 –0.0086 1 1 51 1 2 5.8 669 744 4.22 740 2 0 0.976 38/30
n-lAK33b
755523.422 1.75500 52.30 0.014436 1.75844 52.07 0.014566 1.74814 1.75062 1.76589 1.77296 1.77954 0.5473 –0.0085 1 1 51.3 1 2 5.8 668 750 4.22 797 0 0.980 37/28
n-lAK34
729545.402 1.72916 54.50 0.013379 1.73235 54.27 0.013493 1.72277 1.72509 1.73923 1.74575 1.75180 0.5443 –0.0079
